19.013,18.817,19.599
19.013,19.795,18.622
19.99,19.795,19.599
19.013,19.795,19.599
19.99,18.817,19.599
19.013,19.795,19.599
19.99,19.795,19.599
19.99,20.772,19.599
19.99,19.795,19.599
20.968,19.795,20.577
20.968,20.772,20.577
20.968,21.75,21.554
20.968,21.75,21.554
21.945,22.727,22.532
22.923,22.727,19.599
22.923,23.705,21.554
23.9,21.75,22.532
23.9,23.705,23.509
18.035,24.682,24.487
19.99,25.66,25.464
19.99,25.66,26.442
24.878,26.637,25.464
16.08,26.637,26.442
26.833,27.615,27.419
27.81,28.592,27.419
28.788,28.592,28.397
28.788,29.57,29.374
28.788,28.592,28.397
29.765,29.57,29.374
29.765,29.57,30.352
29.765,30.547,30.352
30.743,30.547,30.352
31.72,31.525,31.329
30.743,31.525,30.352
31.72,31.525,31.329
31.72,31.525,31.329
31.72,31.525,32.307
32.698,32.502,32.307
32.698,32.502,33.284
32.698,32.502,33.284
33.675,33.48,33.284
32.698,33.48,33.284
33.675,33.48,33.284
33.675,33.48,34.262
33.675,33.48,33.284
34.653,34.457,33.284
33.675,34.457,34.262
33.675,33.48,34.262
35.63,34.457,35.239
34.653,34.457,34.262
34.653,34.457,34.262
34.653,34.457,34.262
34.653,35.435,35.239
34.653,34.457,35.239
34.653,35.435,35.239
35.63,35.435,36.217
35.63,36.413,35.239
35.63,35.435,35.239
35.63,35.435,36.217
35.63,35.435,35.239
35.63,35.435,35.239
35.63,35.435,35.239
35.63,35.435,35.239
35.63,35.435,35.239
36.608,35.435,35.239
36.608,35.435,35.239
35.63,35.435,35.239
35.63,35.435,36.217
35.63,35.435,36.217
36.608,36.413,36.217
35.63,36.413,36.217
36.608,36.413,35.239
36.608,36.413,35.239
36.608,35.435,36.217
37.586,36.413,36.217
36.608,36.413,36.217
36.608,36.413,36.217
36.608,36.413,36.217
36.608,36.413,35.239
36.608,36.413,36.217
36.608,36.413,36.217
36.608,36.413,35.239
36.608,36.413,36.217
36.608,36.413,36.217
36.608,36.413,36.217
36.608,36.413,36.217
36.608,37.39,37.195
36.608,37.39,36.217
36.608,36.413,36.217
36.608,36.413,36.217
36.608,37.39,35.239
36.608,36.413,37.195
36.608,37.39,37.195
36.608,36.413,36.217
36.608,37.39,37.195
37.586,37.39,37.195
36.608,36.413,37.195
36.608,37.39,37.195
37.586,37.39,37.195
36.608,36.413,37.195
36.608,36.413,36.217
36.608,36.413,37.195
36.608,38.368,37.195
36.608,37.39,37.195
36.608,37.39,38.172
37.586,37.39,37.195
37.586,37.39,36.217
36.608,37.39,37.195
36.608,37.39,36.217
36.608,37.39,36.217
36.608,36.413,37.195
37.586,38.368,36.217
37.586,37.39,37.195
36.608,36.413,36.217
37.586,37.39,36.217
36.608,37.39,36.217
37.586,36.413,36.217
36.608,37.39,37.195
37.586,36.413,36.217
36.608,37.39,37.195
36.608,37.39,37.195
36.608,37.39,37.195
36.608,36.413,37.195
37.586,37.39,37.195
36.608,37.39,37.195
36.608,37.39,37.195
36.608,37.39,37.195
37.586,36.413,36.217
36.608,36.413,36.217
37.586,36.413,36.217
36.608,37.39,36.217
37.586,36.413,36.217
36.608,37.39,37.195
37.586,36.413,37.195
36.608,36.413,37.195
36.608,36.413,37.195
37.586,37.39,37.195
37.586,37.39,36.217
37.586,36.413,36.217
37.586,36.413,36.217
36.608,36.413,36.217
37.586,36.413,37.195
36.608,36.413,37.195
36.608,37.39,36.217
36.608,37.39,37.195
36.608,37.39,37.195
36.608,37.39,36.217
36.608,37.39,36.217
36.608,36.413,37.195
36.608,36.413,37.195
36.608,36.413,36.217
36.608,36.413,36.217
36.608,36.413,36.217
36.608,37.39,37.195
37.586,36.413,36.217
36.608,37.39,36.217
36.608,36.413,37.195
36.608,36.413,37.195
37.586,36.413,36.217
37.586,36.413,37.195
36.608,36.413,37.195
35.63,36.413,36.217
37.586,36.413,36.217
37.586,36.413,36.217
37.586,37.39,36.217
36.608,36.413,36.217
37.586,37.39,36.217
36.608,36.413,37.195
36.608,36.413,37.195
36.608,37.39,36.217
36.608,36.413,36.217
36.608,36.413,37.195
36.608,37.39,37.195
36.608,37.39,37.195
36.608,37.39,36.217
36.608,36.413,37.195
37.586,37.39,36.217
36.608,37.39,36.217
36.608,36.413,37.195
37.586,36.413,36.217
36.608,36.413,36.217
36.608,37.39,37.195
36.608,37.39,36.217
37.586,36.413,36.217
36.608,36.413,36.217
36.608,37.39,37.195
37.586,36.413,37.195
36.608,36.413,37.195
36.608,37.39,37.195
36.608,37.39,37.195
37.586,36.413,36.217
37.586,37.39,37.195
37.586,37.39,36.217
36.608,37.39,36.217
36.608,36.413,36.217
36.608,36.413,36.217
36.608,36.413,37.195
37.586,36.413,37.195
36.608,36.413,37.195
36.608,37.39,37.195
37.586,36.413,36.217
36.608,37.39,37.195
38.563,37.39,37.195
36.608,37.39,36.217
36.608,37.39,37.195
36.608,37.39,37.195
36.608,37.39,37.195
38.563,36.413,36.217
36.608,36.413,37.195
36.608,36.413,36.217
37.586,36.413,36.217
36.608,36.413,37.195
37.586,36.413,36.217
36.608,37.39,36.217
36.608,36.413,36.217
36.608,37.39,36.217
36.608,36.413,36.217
36.608,37.39,37.195
36.608,37.39,37.195
37.586,37.39,37.195
37.586,37.39,36.217
37.586,36.413,37.195
36.608,37.39,37.195
37.586,36.413,37.195
37.586,36.413,37.195
37.586,37.39,37.195
37.586,36.413,36.217
36.608,37.39,36.217
37.586,36.413,37.195
36.608,36.413,37.195
36.608,37.39,37.195
37.586,36.413,36.217
36.608,36.413,36.217
37.586,36.413,36.217
36.608,37.39,37.195
36.608,37.39,37.195
37.586,36.413,37.195
36.608,36.413,36.217
36.608,37.39,36.217
36.608,36.413,37.195
36.608,37.39,36.217
36.608,36.413,37.195
36.608,37.39,36.217
37.586,37.39,37.195
36.608,36.413,37.195
37.586,37.39,37.195
36.608,36.413,37.195
37.586,37.39,36.217
36.608,37.39,36.217
36.608,36.413,37.195
37.586,36.413,37.195
36.608,36.413,37.195
36.608,37.39,37.195
36.608,37.39,37.195
36.608,37.39,36.217
36.608,37.39,37.195
37.586,36.413,36.217
36.608,36.413,36.217
36.608,37.39,36.217
37.586,36.413,37.195
37.586,37.39,37.195
37.586,37.39,37.195
36.608,36.413,36.217
36.608,37.39,37.195
37.586,36.413,37.195
37.586,37.39,37.195
36.608,37.39,37.195
36.608,36.413,37.195
36.608,36.413,36.217
36.608,37.39,36.217
36.608,37.39,37.195
36.608,37.39,37.195
37.586,38.368,37.195
37.586,36.413,36.217
36.608,36.413,37.195
37.586,36.413,36.217
37.586,36.413,36.217
37.586,36.413,36.217
36.608,36.413,37.195
37.586,36.413,37.195
37.586,37.39,36.217
36.608,36.413,37.195
37.586,36.413,37.195
36.608,37.39,37.195
37.586,36.413,36.217
36.608,37.39,36.217
37.586,36.413,37.195
36.608,37.39,36.217
36.608,37.39,37.195
36.608,37.39,37.195
36.608,37.39,36.217
36.608,36.413,36.217
36.608,37.39,36.217
36.608,36.413,37.195
36.608,36.413,36.217
36.608,37.39,36.217
37.586,37.39,37.195
36.608,37.39,36.217
36.608,36.413,37.195
36.608,36.413,36.217
37.586,36.413,36.217
37.586,36.413,37.195
36.608,36.413,36.217
37.586,37.39,37.195
37.586,36.413,37.195
36.608,37.39,36.217
36.608,37.39,36.217
37.586,36.413,36.217
36.608,36.413,37.195
37.586,36.413,36.217
37.586,36.413,36.217
36.608,36.413,36.217
37.586,37.39,37.195
36.608,36.413,37.195
37.586,36.413,37.195
36.608,36.413,37.195
36.608,36.413,37.195
37.586,36.413,37.195
36.608,37.39,36.217
36.608,36.413,37.195
37.586,37.39,37.195
36.608,36.413,37.195
36.608,37.39,36.217
36.608,37.39,37.195
37.586,37.39,37.195
37.586,37.39,37.195
37.586,36.413,36.217
37.586,37.39,37.195
36.608,36.413,37.195
37.586,37.39,36.217
36.608,37.39,36.217
36.608,36.413,36.217
37.586,36.413,37.195
37.586,37.39,37.195
37.586,37.39,36.217
37.586,36.413,36.217
37.586,36.413,37.195
36.608,37.39,37.195
36.608,36.413,36.217
36.608,37.39,37.195
37.586,37.39,37.195
36.608,37.39,36.217
36.608,37.39,36.217
36.608,36.413,37.195
36.608,36.413,37.195
36.608,37.39,37.195
36.608,36.413,36.217
38.563,36.413,37.195
37.586,37.39,36.217
37.586,37.39,36.217
37.586,36.413,36.217
36.608,36.413,37.195
36.608,37.39,37.195
36.608,37.39,37.195
37.586,37.39,37.195
36.608,36.413,37.195
36.608,36.413,37.195
36.608,36.413,38.172
38.563,37.39,37.195
36.608,36.413,36.217
36.608,36.413,36.217
37.586,37.39,37.195
36.608,36.413,37.195
37.586,37.39,37.195
36.608,36.413,36.217
37.586,37.39,37.195
36.608,36.413,37.195
36.608,37.39,37.195
37.586,37.39,37.195
36.608,36.413,36.217
36.608,37.39,37.195
37.586,37.39,36.217
37.586,37.39,37.195
37.586,36.413,36.217
36.608,37.39,36.217
37.586,37.39,37.195
36.608,36.413,37.195
37.586,36.413,37.195
37.586,37.39,36.217
36.608,37.39,36.217
37.586,36.413,36.217
37.586,36.413,36.217
36.608,36.413,37.195
37.586,36.413,37.195
36.608,36.413,37.195
36.608,36.413,37.195
37.586,36.413,37.195
36.608,36.413,37.195
36.608,37.39,37.195
36.608,36.413,37.195
36.608,36.413,37.195
38.563,36.413,38.172
36.608,36.413,37.195
38.563,37.39,36.217
36.608,36.413,36.217
36.608,36.413,37.195
36.608,37.39,36.217
37.586,37.39,36.217
37.586,37.39,37.195
37.586,37.39,37.195
36.608,37.39,37.195
36.608,36.413,37.195
36.608,36.413,37.195
37.586,37.39,37.195
36.608,36.413,36.217
37.586,37.39,37.195
36.608,37.39,37.195
36.608,36.413,37.195
36.608,37.39,37.195
36.608,36.413,37.195
36.608,37.39,37.195
37.586,37.39,37.195
36.608,37.39,36.217
37.586,36.413,36.217
37.586,37.39,36.217
36.608,37.39,37.195
37.586,37.39,36.217
36.608,36.413,36.217
37.586,36.413,37.195
37.586,36.413,37.195
36.608,36.413,37.195
37.586,37.39,37.195
37.586,37.39,36.217
36.608,37.39,37.195
36.608,37.39,36.217
36.608,36.413,37.195
37.586,37.39,36.217
36.608,36.413,36.217
36.608,36.413,36.217
37.586,36.413,37.195
36.608,36.413,37.195
36.608,37.39,37.195
36.608,36.413,37.195
36.608,36.413,36.217
37.586,37.39,36.217
36.608,36.413,36.217
36.608,37.39,36.217
36.608,37.39,36.217
36.608,36.413,36.217
36.608,36.413,37.195
36.608,37.39,37.195
36.608,36.413,37.195
37.586,37.39,36.217
36.608,36.413,37.195
36.608,37.39,37.195
36.608,36.413,37.195
37.586,36.413,37.195
36.608,37.39,37.195
36.608,37.39,38.172
36.608,37.39,37.195
37.586,36.413,37.195
36.608,37.39,37.195
37.586,37.39,37.195
37.586,36.413,37.195
37.586,36.413,37.195
36.608,37.39,37.195
36.608,36.413,38.172
37.586,36.413,36.217
37.586,36.413,37.195
36.608,37.39,37.195
37.586,36.413,36.217
36.608,37.39,37.195
36.608,37.39,37.195
36.608,36.413,37.195
37.586,37.39,37.195
36.608,36.413,36.217
37.586,36.413,37.195
37.586,37.39,36.217
36.608,36.413,37.195
37.586,36.413,37.195
36.608,37.39,37.195
37.586,37.39,37.195
36.608,36.413,37.195
36.608,36.413,37.195
37.586,36.413,36.217
36.608,36.413,37.195
37.586,37.39,37.195
36.608,36.413,36.217
36.608,37.39,37.195
37.586,37.39,37.195
36.608,36.413,36.217
36.608,37.39,36.217
36.608,36.413,36.217
37.586,36.413,37.195
37.586,36.413,36.217
37.586,36.413,36.217
36.608,36.413,36.217
36.608,36.413,37.195
36.608,37.39,36.217
36.608,36.413,36.217
36.608,36.413,37.195
37.586,36.413,36.217
36.608,36.413,37.195
36.608,36.413,37.195
36.608,36.413,36.217
36.608,36.413,37.195
36.608,36.413,37.195
36.608,36.413,37.195
36.608,37.39,37.195
37.586,36.413,36.217
36.608,37.39,37.195
36.608,36.413,36.217
36.608,36.413,37.195
36.608,36.413,37.195
36.608,36.413,36.217
37.586,36.413,37.195
36.608,36.413,36.217
36.608,36.413,37.195
36.608,36.413,36.217
37.586,36.413,37.195
36.608,37.39,36.217
36.608,36.413,37.195
36.608,37.39,36.217
36.608,37.39,38.172
36.608,36.413,37.195
36.608,37.39,37.195
36.608,37.39,37.195
36.608,36.413,36.217
36.608,37.39,36.217
36.608,36.413,36.217
36.608,36.413,37.195
37.586,36.413,36.217
36.608,37.39,37.195
36.608,36.413,37.195
36.608,37.39,37.195
36.608,36.413,36.217
36.608,37.39,37.195
37.586,36.413,37.195
37.586,37.39,37.195
36.608,36.413,37.195
36.608,36.413,37.195
36.608,37.39,36.217
36.608,36.413,36.217
36.608,36.413,36.217
35.63,38.368,36.217
36.608,36.413,37.195
37.586,36.413,36.217
37.586,36.413,36.217
36.608,36.413,37.195
36.608,36.413,36.217
